       21 -34.399601  116.792801     2.822     -695.7     -970.9       55.9   2050.0   2050.0   2280.0 2018  9 20 14 37  5.81  1.00   1
       39 -34.396500  116.804497     2.947      379.8     -626.8      180.9   2750.0   2750.0   2100.0 2018  9 21 18  7 42.52  1.20   1
       44 -34.399300  116.801697     2.689      122.4     -937.4      -77.1   2550.0   2550.0   2270.0 2018  9 21 23 52 38.34  1.06   1
       52 -34.399200  116.802597     2.685      205.1     -926.4      -81.1   2670.0   2670.0   2200.0 2018  9 22 13 27 44.72  1.05   1
       83 -34.391899  116.804398     2.315      370.7     -116.5     -451.1   2240.0   2240.0   1790.0 2018  9 24  2 32 13.29  1.74   1
       91 -34.396599  116.785202     2.248    -1394.4     -637.8     -518.1   2240.0   2240.0   1870.0 2018  9 24 18 14 29.86  1.43   1
       97 -34.386299  116.786003     2.226    -1320.9      504.7     -540.1   2870.0   2870.0   2350.0 2018  9 25  4  0 13.91  1.36   1
       98 -34.388302  116.786301     2.934    -1293.5      282.5      167.9   2870.0   2870.0   2350.0 2018  9 25  4 58 19.67  1.03   1
      101 -34.391102  116.794098     1.870     -576.4      -28.1     -896.1   2270.0   2270.0   1900.0 2018  9 25  9 10 40.91  1.59   1
      102 -34.389900  116.795601     2.076     -438.2      105.2     -690.1   2280.0   2280.0   1910.0 2018  9 25  9 20 41.23  1.62   1
      121 -34.389301  116.793503     3.000     -631.2      171.7      233.9   1870.0   1870.0   1460.0 2018  9 27 10  2 22.66  2.90   1
      123 -34.388699  116.791496     2.793     -815.7      238.5       26.9   2370.0   2370.0   2130.0 2018  9 27 11 25 12.97  1.07   1
      125 -34.389900  116.798897     2.183     -135.1      105.2     -583.1   2150.0   2150.0   1820.0 2018  9 27 11 37  6.65  1.76   1
      127 -34.385700  116.794601     2.543     -530.1      571.1     -223.1   2030.0   2030.0   1920.0 2018  9 27 12 35 49.97  1.42   1
      128 -34.381500  116.805496     3.248      471.8     1037.0      481.9   2250.0   2250.0   2070.0 2018  9 27 12 57 56.98  1.45   1
      139 -34.389801  116.797501     2.562     -263.5      116.2     -204.1   2350.0   2350.0   2000.0 2018  9 28 18 12 40.98  1.48   1
      176 -34.399601  116.796898     2.730     -318.9     -970.9      -36.1   2320.0   2320.0   2100.0 2018 10  1 11 50 45.67  1.05   1
      186 -34.392899  116.800400     2.971        3.1     -227.4      204.9   2810.0   2810.0   2110.0 2018 10  1 17 55 14.38  1.01   1
      188 -34.395401  116.781601     2.590    -1725.6     -505.0     -176.1   2690.0   2690.0   2100.0 2018 10  1 18 55 32.06  1.08   1
      189 -34.397800  116.783401     2.770    -1560.0     -771.1        3.9   2490.0   2490.0   2100.0 2018 10  1 20 28  1.90  1.61   1
      199 -34.398201  116.802696     2.442      214.3     -815.6     -324.1   2480.0   2480.0   1820.0 2018 10  3  0 37 46.48  2.24   1
      202 -34.396198  116.804604     2.802      389.7     -593.4       35.9   3390.0   3390.0   2530.0 2018 10  3  0 56 12.08  1.14   1
      208 -34.384201  116.798798     2.893     -144.3      737.4      126.9   2770.0   2770.0   2190.0 2018 10  3  3  6 30.96  1.71   1
      210 -34.395500  116.797401     3.037     -272.6     -516.0      270.9   3460.0   3460.0   2530.0 2018 10  3  3 33 35.35  1.25   1
      212 -34.391102  116.804604     2.793      389.7      -28.1       26.9   2850.0   2850.0   2290.0 2018 10  3  3 57 13.00  1.72   1
      213 -34.395802  116.803200     2.704      260.6     -549.4      -62.1   3390.0   3390.0   2530.0 2018 10  3  4 21 32.52  1.23   1
      215 -34.393101  116.804497     2.881      379.8     -249.8      114.9   3280.0   3280.0   2530.0 2018 10  3  5 44 16.76  1.51   1
      218 -34.394299  116.807098     2.737      619.1     -382.7      -29.1   3320.0   3320.0   2530.0 2018 10  3  9 41 58.81  1.38   1
      219 -34.393101  116.804703     2.863      398.8     -249.8       96.9   3280.0   3280.0   2530.0 2018 10  3 11 55 13.90  1.39   1
      221 -34.387402  116.802902     2.954      233.2      382.4      187.9   2690.0   2690.0   2120.0 2018 10  3 12 23  2.02  1.52   1
      222 -34.394600  116.805099     3.138      435.3     -416.1      371.9   3350.0   3350.0   2530.0 2018 10  3 12 25  3.72  1.18   1
      225 -34.389000  116.806198     2.312      536.3      205.1     -454.1   2230.0   2230.0   1710.0 2018 10  3 13 52 36.58  2.01   1
      228 -34.392601  116.804703     2.830      398.8     -194.4       63.9   2900.0   2900.0   2230.0 2018 10  3 14 36 33.38  1.58   1
      229 -34.391300  116.784103     3.341    -1495.5      -50.1      574.9   2580.0   2580.0   1590.0 2018 10  3 15 26 36.84  3.86   1
      230 -34.395699  116.787102     3.144    -1219.8     -538.0      377.9   2650.0   2650.0   2100.0 2018 10  3 15 32 14.98  1.10   1
      231 -34.394402  116.784897     2.782    -1422.5     -394.1       15.9   2770.0   2770.0   2100.0 2018 10  3 15 40 14.30  1.21   1
      233 -34.389301  116.804901     2.703      417.0      171.7      -63.1   2770.0   2770.0   2120.0 2018 10  3 16 19 54.11  1.17   1
      235 -34.385601  116.799698     2.792      -61.5      582.1       25.9   2560.0   2560.0   2130.0 2018 10  3 17 26 47.80  2.48   1
      236 -34.388699  116.805801     2.806      499.8      238.5       39.9   2780.0   2780.0   2120.0 2018 10  3 18  1  0.74  1.54   1
      238 -34.398899  116.793999     2.945     -585.5     -893.0      178.9   2140.0   2140.0   2110.0 2018 10  3 20 42 53.28  1.06   1
      240 -34.398102  116.807503     2.984      656.2     -804.6      217.9   3040.0   3040.0   2530.0 2018 10  3 22 33 37.04  1.24   1
      241 -34.399101  116.807800     2.867      683.6     -915.4      100.9   3350.0   3350.0   2540.0 2018 10  3 23 18 38.06  1.18   1
      242 -34.393299  116.804100     2.405      343.4     -271.8     -361.1   2820.0   2820.0   2110.0 2018 10  3 23 39 27.18  1.34   1
      243 -34.389999  116.805000     2.263      426.2       94.2     -503.1   2780.0   2780.0   2120.0 2018 10  4  0  3 26.66  1.02   1
      244 -34.387600  116.801498     2.753      104.1      360.4      -13.1   2650.0   2650.0   2130.0 2018 10  4  1 35  2.21  1.06   1
      247 -34.389000  116.806099     2.593      527.2      205.1     -173.1   2790.0   2790.0   2120.0 2018 10  4  5 55 36.91  1.53   1
      250 -34.396801  116.799202     3.367     -107.1     -660.3      600.9   2700.0   2700.0   2100.0 2018 10  4  9  9 57.33  1.02   1
      253 -34.385399  116.798599     2.818     -162.5      604.6       51.9   2400.0   2400.0   1920.0 2018 10  4 11 13 49.98  1.38   1
      256 -34.384399  116.799301     2.770      -97.9      715.4        3.9   2570.0   2570.0   2260.0 2018 10  4 12  8 38.53  1.20   1
      258 -34.387600  116.800400     2.959        3.1      360.4      192.9   2620.0   2620.0   2130.0 2018 10  4 12 29 49.80  1.07   1
      261 -34.396000  116.805298     2.247      453.5     -571.4     -519.1   2630.0   2630.0   1820.0 2018 10  4 12 54 25.58  1.06   1
      262 -34.393299  116.805000     2.398      426.1     -271.8     -368.1   2640.0   2640.0   1870.0 2018 10  4 12 57 16.45  1.57   1
      267 -34.392899  116.802299     2.829      177.8     -227.4       62.9   2820.0   2820.0   2110.0 2018 10  4 13 35 30.91  1.10   1
      271 -34.386799  116.796303     1.509     -373.7      449.3    -1257.1   1880.0   1880.0   1690.0 2018 10  4 14 16 44.43  1.83   1
      287 -34.396702  116.802597     2.877      205.1     -649.3      110.9   2730.0   2730.0   2100.0 2018 10  4 17 12 56.68  1.04   1
      288 -34.393501  116.803703     2.793      306.9     -294.2       26.9   2820.0   2820.0   2110.0 2018 10  4 17 16 13.06  1.08   1
      295 -34.391201  116.799004     2.760     -125.3      -39.1       -6.1   2710.0   2710.0   2120.0 2018 10  4 18 58  6.08  1.13   1
      300 -34.384102  116.802200     2.742      168.7      748.4      -24.1   2610.0   2610.0   2130.0 2018 10  4 21 55 14.00  1.01   1
      301 -34.384899  116.806602     2.513      573.5      660.0     -253.1   2260.0   2260.0   1910.0 2018 10  4 23  0 16.58  1.87   1
      304 -34.383499  116.802803     2.778      224.1      815.3       11.9   2620.0   2620.0   2130.0 2018 10  5  0 22  7.51  1.60   1
      305 -34.382301  116.798401     2.771     -180.7      948.2        4.9   2510.0   2510.0   2140.0 2018 10  5  0 48 41.42  1.12   1
      308 -34.391102  116.802101     2.790      159.5      -28.1       23.9   2780.0   2780.0   2110.0 2018 10  5  6  1 44.41  1.07   1
      310 -34.389400  116.801697     2.687      122.4      160.7      -79.1   2730.0   2730.0   2280.0 2018 10  5  6 40 30.62  1.17   1
      320 -34.384399  116.797897     2.783     -227.0      715.4       16.9   2490.0   2490.0   2140.0 2018 10  5 15 13  5.85  1.64   1
      321 -34.378201  116.795799     3.212     -420.0     1403.1      445.9   2250.0   2250.0   1720.0 2018 10  5 15 14 58.70  3.58   1
      373 -34.396099  116.803596     2.941      297.0     -582.4      174.9   2770.0   2770.0   2100.0 2018 10  7  0 51  1.22  1.08   1
      379 -34.396801  116.805801     3.287      499.8     -660.3      520.9   2850.0   2850.0   2210.0 2018 10  7  9 29 37.90  1.07   1
      385 -34.392899  116.804100     2.935      343.4     -227.4      168.9   2840.0   2840.0   2130.0 2018 10  7 21 35 12.50  1.25   1
      387 -34.387299  116.805603     3.307      481.6      393.8      540.9   2760.0   2760.0   2120.0 2018 10  8  2 11 40.57  1.11   1
      390 -34.389198  116.808197     2.582      720.1      183.1     -184.1   2810.0   2810.0   2120.0 2018 10  8 10  1 44.13  1.55   1
      398 -34.386002  116.800598     2.580       21.3      537.7     -186.1   2830.0   2830.0   2290.0 2018 10  9  5  1 49.91  1.14   1
      424 -34.380501  116.796898     1.555     -319.0     1147.9    -1211.1   2090.0   2090.0   1710.0 2018 10 12 16 40 50.70  2.77   1
      425 -34.391701  116.789299     2.381    -1017.7      -94.5     -385.1   2370.0   2370.0   1900.0 2018 10 12 16 44 53.79  1.40   1
      426 -34.386299  116.790901     2.891     -870.4      504.7      124.9   2460.0   2460.0   2260.0 2018 10 12 16 47 13.15  1.33   1
      427 -34.393501  116.798203     2.269     -199.0     -294.2     -497.1   2300.0   2300.0   1860.0 2018 10 12 16 56 30.72  1.17   1
      430 -34.394501  116.801697     2.960      122.4     -405.1      193.9   2820.0   2820.0   2100.0 2018 10 12 17 23 28.64  1.20   1
      432 -34.398800  116.804199     2.458      352.5     -882.0     -308.1   2200.0   2200.0   1780.0 2018 10 12 18 33  4.68  1.26   1
      433 -34.378601  116.800598     2.654       21.3     1358.6     -112.1   2150.0   2150.0   1940.0 2018 10 12 18 57  6.36  1.91   1
      436 -34.384201  116.797203     3.038     -290.9      737.4      271.9   2480.0   2480.0   2140.0 2018 10 12 20 51  5.62  1.42   1
      447 -34.386002  116.795601     3.175     -438.2      537.7      408.9   2450.0   2450.0   2130.0 2018 10 13  5  8 23.37  1.38   1
      452 -34.384102  116.799500     2.318      -79.7      748.4     -448.1   4230.0   4230.0   3520.0 2018 10 13  8 26 41.74  1.25   1
      461 -34.397099  116.800003     2.477      -33.4     -693.3     -289.1   2130.0   2130.0   1560.0 2018 10 13 14 44  1.91  1.78   1
      468 -34.391499  116.803001     2.638      242.3      -72.1     -128.1   4360.0   4360.0   2730.0 2018 10 13 17  8 23.98  1.15   1
      471 -34.394798  116.807098     3.508      619.1     -438.1      741.9   3320.0   3320.0   2460.0 2018 10 13 18 16 19.36  1.30   1
      472 -34.394299  116.808296     3.311      729.2     -382.7      544.9   3340.0   3340.0   2460.0 2018 10 13 18 34 38.44  1.14   1
      477 -34.390301  116.794899     2.845     -502.8       60.8       78.9   3170.0   3170.0   2410.0 2018 10 14  6 53 27.28  1.23   1
      478 -34.397099  116.809097     3.177      802.9     -693.3      410.9   4030.0   4030.0   2940.0 2018 10 14  8 18  9.22  1.40   1
      512 -34.385700  116.794403     2.296     -548.4      571.1     -470.1   2190.0   2190.0   1950.0 2018 10 15 11  6 44.49  1.41   1
      516 -34.397701  116.812202     2.818     1088.4     -760.1       51.9   2800.0   2800.0   2590.0 2018 10 15 15 54 46.92  1.03   1
      520 -34.397202  116.809097     3.095      802.9     -704.7      328.9   2830.0   2830.0   2210.0 2018 10 15 19 38 56.08  1.14   1
      525 -34.398300  116.807098     2.987      619.1     -826.6      220.9   2690.0   2690.0   2100.0 2018 10 15 23 45 42.00  1.24   1
      527 -34.385601  116.796600     3.153     -346.3      582.1      386.9   4830.0   4830.0   3560.0 2018 10 16  3  8 47.70  2.09   1
      547 -34.382198  116.801102     2.783       67.6      959.6       16.9   2570.0   2570.0   2140.0 2018 10 16 20  7 46.92  1.10   1
      559 -34.390999  116.792000     2.447     -769.4      -16.6     -319.1   3180.0   3180.0   2600.0 2018 10 17  3  7 21.20  1.54   1
      561 -34.392300  116.807198     3.605      628.2     -160.9      838.9   3280.0   3280.0   2530.0 2018 10 17  6 32  1.29  1.07   1
      567 -34.385502  116.791496     2.395     -815.7      593.1     -371.1   2980.0   2980.0   2440.0 2018 10 17 21 33  9.30  1.11   1
      569 -34.395802  116.807503     4.000      656.3     -549.4     1233.9   2810.0   2810.0      0.0 2018 10 18  3  9 50.57  1.62   1
      570 -34.392300  116.804298     2.644      361.6     -160.9     -122.1   3220.0   3220.0   2290.0 2018 10 18  3 12  2.10  1.17   1
      571 -34.380901  116.802696     2.774      214.3     1103.5        7.9   2600.0   2600.0   2140.0 2018 10 18  6 29 28.59  1.48   1
      583 -34.398201  116.806297     2.747      545.4     -815.6      -19.1   2690.0   2690.0   2100.0 2018 10 18 20 51 58.48  1.24   1
      636 -34.398899  116.786797     2.901    -1247.8     -893.0      134.9   2270.0   2270.0   1770.0 2018 10 23  8 10 17.57  1.27   1
      694 -34.395302  116.805702     2.763      490.7     -494.0       -3.1   3340.0   3340.0   2290.0 2018 10 31  1 44 22.21  1.15   1
      696 -34.387501  116.807899     2.847      692.8      371.4       80.9   3070.0   3070.0   2300.0 2018 10 31  6 36 58.34  1.17   1
      698 -34.395699  116.804901     3.117      417.0     -538.0      350.9   3360.0   3360.0   2290.0 2018 10 31  8 23 18.83  1.33   1
      699 -34.399101  116.804604     2.976      389.6     -915.4      209.9   3270.0   3270.0   2310.0 2018 10 31 12  6 40.44  1.39   1
      724 -34.399200  116.807098     3.002      619.1     -926.4      235.9   3350.0   3350.0   2350.0 2018 11  5 12 55 37.70  1.64   1
      833 -34.381401  116.793800     2.821     -603.8     1048.0       54.9   2460.0   2460.0   2140.0 2018 11 12 14 53  8.17  1.20   1
      875 -34.377399  116.803596     2.645      297.1     1491.9     -121.1   2280.0   2280.0   1990.0 2018 11 21  2 22 14.15  2.50   1
      877 -34.381401  116.802803     2.916      224.1     1048.0      149.9   3340.0   3340.0   2430.0 2018 11 21  7 55 47.46  1.91   1
      878 -34.385700  116.802399     2.762      186.9      571.1       -4.1   3390.0   3390.0   2400.0 2018 11 21  8 35 15.89  1.60   1
      884 -34.384300  116.803703     2.843      306.9      726.4       76.9   2650.0   2650.0   2130.0 2018 11 21 10 54 13.02  1.15   1
      888 -34.384499  116.803299     2.531      269.7      704.4     -235.1   2640.0   2640.0   2130.0 2018 11 21 16 14 40.76  1.35   1
      889 -34.383499  116.801697     2.850      122.4      815.3       83.9   2590.0   2590.0   2130.0 2018 11 21 17 44 36.92  1.45   1
      103 -34.392899  116.797501     0.453     -737.2     -317.7     -464.4   2240.0   2240.0   1690.0 2018  9 25  9 48  6.36  2.17   2
      191 -34.381100  116.810204     1.758      430.9      991.2      840.6   2150.0   2150.0   1690.0 2018 10  2 20 24 36.78  2.33   2
      192 -34.390499  116.802803     0.485     -249.6      -51.5     -432.4   2200.0   2200.0   1820.0 2018 10  2 21 49 43.36  1.81   2
      200 -34.386600  116.807404     1.618      173.4      381.0      700.6   2880.0   2880.0   3110.0 2018 10  3  0 37 46.54  2.22   2
      232 -34.390202  116.808601     1.265      283.6      -18.5      347.6   2230.0   2230.0   1630.0 2018 10  3 15 51 50.13  2.44   2
      248 -34.394600  116.807198     1.492      154.5     -506.4      574.6   2180.0   2180.0   1460.0 2018 10  4  7 41 23.97  2.49   2
      249 -34.385601  116.805000     0.094      -47.6      491.9     -823.4   2110.0   2110.0   1660.0 2018 10  4  9  5 10.14  2.21   2
      367 -34.392101  116.807098     1.306      145.4     -229.2      388.6   2230.0   2230.0   1680.0 2018 10  6  3 32 47.42  1.89   2
      416 -34.395599  116.800697     0.010     -443.3     -617.3     -907.4   1690.0   1690.0      0.0 2018 10 11 15 37  7.29  1.94   2
      610 -34.391102  116.808701     0.693      292.7     -118.3     -224.4   2400.0   2400.0   1670.0 2018 10 20  4 32 23.87  2.37   2
       19 -34.400299  116.788002     2.729     -310.8      845.2      -73.2   2750.0   2750.0   2580.0 2018  9 20 11 39 19.07  0.59   1
       23 -34.409599  116.784698     2.969     -614.5     -186.5      166.8   2060.0   2060.0   2290.0 2018  9 20 14 55 35.01  0.59   1
       28 -34.410900  116.779999     2.748    -1046.6     -330.8      -54.2   1910.0   1910.0   1730.0 2018  9 21  1  4  3.16  1.64   1
       29 -34.400299  116.789200     2.774     -200.6      845.2      -28.2   2520.0   2520.0   2610.0 2018  9 21  6 35 34.68  0.83   1
       32 -34.414600  116.781799     2.686     -881.0     -741.2     -116.2   2060.0   2060.0   2290.0 2018  9 21 10 58 27.11  0.89   1
       34 -34.411701  116.776604     2.670    -1358.7     -419.6     -132.2   2130.0   2130.0   1880.0 2018  9 21 14 36  6.81  1.40   1
       35 -34.414799  116.777199     2.394    -1304.0     -763.2     -408.2   1630.0   1630.0   1160.0 2018  9 21 14 37 59.92  2.66   1
       36 -34.413399  116.778000     2.015    -1230.3     -607.9     -787.2   2060.0   2060.0   1800.0 2018  9 21 14 50 49.77  0.96   1
       38 -34.402000  116.781799     2.956     -881.1      656.5      153.8   2280.0   2280.0   2100.0 2018  9 21 17 57  2.32  0.85   1
       41 -34.404598  116.778801     2.816    -1156.7      368.3       13.8   2260.0   2260.0   2100.0 2018  9 21 19 19 51.54  1.20   1
       42 -34.405300  116.779099     2.694    -1129.4      290.4     -108.2   2230.0   2230.0   2100.0 2018  9 21 19 24 30.34  1.01   1
       43 -34.408401  116.776001     2.826    -1414.1      -53.6       23.8   2210.0   2210.0   2110.0 2018  9 21 20 24  5.56  1.18   1
       45 -34.400902  116.784103     2.812     -669.2      778.3        9.8   2740.0   2740.0   2620.0 2018  9 22  5 10 52.06  0.96   1
       46 -34.410900  116.790703     2.733      -62.4     -330.8      -69.2   2100.0   2100.0   2440.0 2018  9 22  6 43 32.15  0.60   1
       47 -34.404202  116.788498     2.569     -265.2      412.3     -233.2   2500.0   2500.0   2520.0 2018  9 22  6 48  2.47  1.29   1
       49 -34.413300  116.797096     2.878      525.4     -596.9       75.8   2230.0   2230.0   2340.0 2018  9 22  9 18 17.76  1.13   1
       51 -34.407200  116.777603     2.693    -1266.8       79.7     -109.2   2210.0   2210.0   2110.0 2018  9 22 12 44 57.32  0.74   1
       54 -34.403400  116.792900     2.729      139.6      501.2      -73.2   2450.0   2450.0   2360.0 2018  9 22 14 47 22.03  1.33   1
       58 -34.405899  116.775299     2.873    -1478.7      224.0       70.8   2290.0   2290.0   2280.0 2018  9 22 22 39 59.84  0.59   1
       59 -34.415199  116.789299     2.725     -191.5     -807.7      -77.2   2400.0   2400.0   2560.0 2018  9 23  2 42 44.51  0.59   1
       60 -34.404701  116.801300     2.813      911.9      356.9       10.8   1970.0   1970.0   1710.0 2018  9 23  2 52 17.71  2.16   1
       61 -34.409401  116.800201     2.802      810.9     -164.5       -0.2   2120.0   2120.0   2110.0 2018  9 23  3 35 58.68  1.34   1
       62 -34.411999  116.791496     2.901       10.5     -452.6       98.8   2010.0   2010.0   2270.0 2018  9 23  4 47  2.03  0.66   1
       63 -34.415699  116.790100     2.506     -117.8     -863.1     -296.2   2390.0   2390.0   2600.0 2018  9 23  9 52 23.59  1.11   1
       64 -34.412300  116.791298     2.965       -7.7     -486.1      162.8   2010.0   2010.0   2270.0 2018  9 23 12 19 49.13  0.56   1
       65 -34.405701  116.793701     3.468      213.2      246.0      665.8   2090.0   2090.0   2430.0 2018  9 23 12 26 17.39  0.68   1
       68 -34.411999  116.789398     2.760     -182.4     -452.6      -42.2   2390.0   2390.0   2380.0 2018  9 23 13 14 49.63  1.07   1
       71 -34.402199  116.770798     2.858    -1892.6      634.5       55.8   2440.0   2440.0   2100.0 2018  9 23 14 32 45.13  1.34   1
       72 -34.419300  116.795403     2.668      369.6    -1262.6     -134.2   2020.0   2020.0   2120.0 2018  9 23 15 13 10.93  0.94   1
       74 -34.410500  116.795197     2.635      350.7     -286.3     -167.2   2030.0   2030.0   2110.0 2018  9 23 16 57 35.35  1.01   1
       75 -34.406200  116.793198     3.081      166.9      190.6      278.8   2460.0   2460.0   2550.0 2018  9 23 17  7 20.98  0.73   1
       77 -34.401501  116.801003     2.928      884.6      711.9      125.8   2390.0   2390.0   2100.0 2018  9 23 17 45 37.06  0.93   1
       78 -34.405701  116.787903     2.827     -319.9      246.0       24.8   2030.0   2030.0   2110.0 2018  9 23 18 57 21.60  0.90   1
       80 -34.401501  116.773598     2.606    -1635.2      711.9     -196.2   2310.0   2310.0   1950.0 2018  9 23 20 48 59.70  0.75   1
       82 -34.401699  116.795097     2.361      341.6      689.9     -441.2   2010.0   2010.0   1780.0 2018  9 24  0 25 59.73  1.36   1
       86 -34.401299  116.781303     2.320     -926.7      734.3     -482.2   2910.0   2910.0   2480.0 2018  9 24  6 43 49.00  0.79   1
       87 -34.412899  116.791100     1.989      -26.0     -552.5     -813.2   1860.0   1860.0   1730.0 2018  9 24  8 39 52.68  1.54   1
       88 -34.406700  116.775803     2.597    -1432.4      135.1     -205.2   2650.0   2650.0   2340.0 2018  9 24 13 48 59.43  0.61   1
      108 -34.410599  116.796997     2.671      516.3     -297.3     -131.2   2650.0   2650.0   2340.0 2018  9 26 11  5 20.22  0.88   1
      109 -34.411800  116.790901     2.700      -44.2     -430.6     -102.2   2640.0   2640.0   2340.0 2018  9 26 12 47 15.24  1.02   1
      110 -34.410702  116.795303     2.754      360.5     -308.8      -48.2   2730.0   2730.0   2480.0 2018  9 26 13 50 29.91  0.85   1
      120 -34.408501  116.798897     2.724      690.9      -64.6      -78.2   2820.0   2820.0   2520.0 2018  9 27  6 56 10.62  0.86   1
      122 -34.401699  116.794098     2.359      249.7      689.9     -443.2   1830.0   1830.0   1680.0 2018  9 27 10 25 35.14  1.48   1
      131 -34.407501  116.797600     3.343      571.7       46.3      540.8   2100.0   2100.0   2110.0 2018  9 27 14 31  0.36  1.27   1
      134 -34.406601  116.777802     2.122    -1248.6      146.1     -680.2   2510.0   2510.0   1990.0 2018  9 27 21 36 22.48  1.00   1
      136 -34.410400  116.798203     2.749      627.1     -275.3      -53.2   2670.0   2670.0   2590.0 2018  9 28 13  6  9.38  1.11   1
      138 -34.401501  116.780197     2.487    -1028.4      711.9     -315.2   3890.0   3890.0   2940.0 2018  9 28 14 28 39.93  1.84   1
      144 -34.417599  116.795097     2.574      341.6    -1073.8     -228.2   2020.0   2020.0   2120.0 2018  9 29  8 39 17.29  1.00   1
      146 -34.401402  116.782402     2.923     -825.6      722.9      120.8   2710.0   2710.0   2340.0 2018  9 29 17 57  6.36  1.01   1
      147 -34.400002  116.785500     2.468     -540.8      878.2     -334.2   2730.0   2730.0   2400.0 2018  9 29 20 11 13.26  0.83   1
      152 -34.400200  116.800499     3.010      838.3      856.2      207.8   2750.0   2750.0   2730.0 2018  9 30  8 45  1.16  0.59   1
      156 -34.413898  116.805496     3.191     1297.6     -663.4      388.8   2420.0   2420.0   2700.0 2018  9 30 12  8 27.56  0.59   1
      157 -34.411400  116.793404     2.644      185.9     -386.2     -158.2   2010.0   2010.0   2110.0 2018  9 30 12 47 38.40  0.73   1
      159 -34.404800  116.797501     2.607      562.6      345.9     -195.2   2200.0   2200.0   2210.0 2018  9 30 15 47 26.12  0.62   1
      162 -34.401100  116.787697     3.192     -338.8      756.3      389.8   2100.0   2100.0   2110.0 2018  9 30 20 51  7.54  1.35   1
      177 -34.403702  116.787201     2.190     -384.4      467.7     -612.2   2050.0   2050.0   2110.0 2018 10  1 12 56 37.85  0.62   1
      183 -34.411701  116.790100     3.149     -117.8     -419.6      346.8   2110.0   2110.0   2690.0 2018 10  1 17 38 27.22  0.51   1
      184 -34.410702  116.793297     2.633      176.1     -308.8     -169.2   2510.0   2510.0   2700.0 2018 10  1 17 47 11.98  0.51   1
      185 -34.401699  116.793602     2.874      204.1      689.9       71.8   2720.0   2720.0   2760.0 2018 10  1 17 50 27.28  0.59   1
      207 -34.406200  116.794701     2.476      305.1      190.6     -326.2   2480.0   2480.0   2360.0 2018 10  3  2 40 41.33  1.51   1
      209 -34.401100  116.807999     3.893     1527.8      756.3     1090.8   2280.0   2280.0   1410.0 2018 10  3  3 15 29.94  4.19   1
      216 -34.408001  116.800903     2.787      875.4       -9.2      -15.2   2940.0   2940.0   2590.0 2018 10  3  5 58  5.19  1.10   1
      220 -34.402500  116.799698     2.732      764.6      601.0      -70.2   2910.0   2910.0   2540.0 2018 10  3 12  4 14.76  1.25   1
      224 -34.401001  116.799599     3.217      755.5      767.3      414.8   3010.0   3010.0   2330.0 2018 10  3 12 49 11.68  1.60   1
      227 -34.405399  116.797302     2.232      544.3      279.4     -570.2   2620.0   2620.0   2500.0 2018 10  3 14 25 42.93  1.26   1
      237 -34.405602  116.805199     2.595     1270.4      257.0     -207.2   2330.0   2330.0   2290.0 2018 10  3 18 37 31.24  0.76   1
      246 -34.401402  116.801399     2.635      921.0      722.9     -167.2   3060.0   3060.0   2530.0 2018 10  4  4 38 31.60  0.74   1
      252 -34.409500  116.796402     2.369      461.6     -175.5     -433.2   1790.0   1790.0   1550.0 2018 10  4 11  5 13.76  1.74   1
      254 -34.405201  116.803001     3.903     1068.3      301.4     1100.8   2310.0   2310.0   2110.0 2018 10  4 11 38 36.77  0.79   1
      255 -34.404099  116.797203     2.652      535.2      423.7     -150.2   2130.0   2130.0   2110.0 2018 10  4 12  6 44.49  0.51   1
      260 -34.400101  116.792297     2.809       84.2      867.2        6.8   2020.0   2020.0   2110.0 2018 10  4 12 45 16.22  0.62   1
      266 -34.414101  116.777298     2.819    -1294.8     -685.8       16.8   2110.0   2110.0   2110.0 2018 10  4 13 29 35.86  0.49   1
      268 -34.405899  116.800598     2.839      847.4      224.0       36.8   2990.0   2990.0   2760.0 2018 10  4 13 38 42.74  0.34   1
      274 -34.410000  116.796898     2.700      507.1     -230.9     -102.2   2050.0   2050.0   2110.0 2018 10  4 14 47 36.26  1.04   1
      283 -34.409901  116.800400     2.685      829.1     -219.9     -117.2   2980.0   2980.0   2590.0 2018 10  4 16  8 26.16  0.56   1
      284 -34.412201  116.791702     2.160       29.5     -475.1     -642.2   1930.0   1930.0   1770.0 2018 10  4 16 38 25.18  1.67   1
      289 -34.402802  116.805496     2.838     1297.7      567.6       35.8   2750.0   2750.0   2730.0 2018 10  4 17 19 31.30  0.35   1
      292 -34.401199  116.785301     3.257     -559.1      745.3      454.8   3350.0   3350.0   2540.0 2018 10  4 17 56  1.52  0.27   1
      296 -34.414902  116.797897     3.314      599.0     -774.7      511.8   2500.0   2500.0   2580.0 2018 10  4 19  8 10.14  0.37   1
      299 -34.408401  116.805801     3.542     1325.7      -53.6      739.8   3060.0   3060.0   2580.0 2018 10  4 20  7 33.90  0.47   1
      302 -34.408199  116.783997     2.095     -679.0      -31.2     -707.2   2440.0   2440.0   2380.0 2018 10  4 23 31 49.18  0.48   1
      311 -34.418999  116.793999     2.782      240.6    -1229.1      -20.2   2050.0   2050.0   2450.0 2018 10  5  6 45 30.27  0.56   1
      312 -34.405499  116.804100     3.446     1169.3      268.4      643.8   3140.0   3140.0   2570.0 2018 10  5  7 18 58.13  0.69   1
      313 -34.405201  116.782799     2.588     -789.1      301.4     -214.2   3260.0   3260.0   2550.0 2018 10  5  8 33 20.02  0.47   1
      314 -34.402199  116.785599     3.055     -531.7      634.5      252.8   2370.0   2370.0   2690.0 2018 10  5  9 19 40.01  0.49   1
      317 -34.412300  116.794701     2.592      305.1     -486.1     -210.2   2020.0   2020.0   2290.0 2018 10  5 12  3 35.77  0.78   1
      353 -34.401901  116.779900     2.189    -1055.7      667.5     -613.2   2320.0   2320.0   2100.0 2018 10  5 19 53 23.22  0.91   1
      356 -34.415100  116.794601     1.626      296.0     -796.7    -1176.2   1860.0   1860.0   1730.0 2018 10  5 20 10  0.02  1.62   1
      362 -34.403099  116.789902     2.421     -136.1      534.6     -381.2   2390.0   2390.0   2590.0 2018 10  5 21 17 45.20  0.51   1
      365 -34.406799  116.775803     2.429    -1432.4      124.1     -373.2   2700.0   2700.0   2380.0 2018 10  5 21 55  1.46  0.80   1
      369 -34.407101  116.791397     2.677        1.4       90.7     -125.2   2400.0   2400.0   2370.0 2018 10  6  4 57 31.10  1.19   1
      370 -34.415298  116.783798     2.756     -697.2     -818.7      -46.2   2040.0   2040.0   2290.0 2018 10  6 11 33 33.51  0.99   1
      375 -34.406799  116.785698     2.700     -522.6      124.1     -102.2   2060.0   2060.0   2280.0 2018 10  7  2 19 42.38  0.46   1
      377 -34.405201  116.784401     2.844     -641.8      301.4       41.8   2230.0   2230.0   2730.0 2018 10  7  6 17 27.48  0.46   1
      384 -34.411999  116.774498     3.052    -1552.3     -452.6      249.8   2720.0   2720.0   2650.0 2018 10  7 21 24  1.42  1.05   1
      392 -34.404800  116.797203     2.752      535.2      345.9      -50.2   2630.0   2630.0   2360.0 2018 10  8 12 57 24.10  0.82   1
      394 -34.406898  116.786499     2.754     -448.9      113.1      -48.2   2040.0   2040.0   2110.0 2018 10  8 20  4 24.78  1.30   1
      396 -34.402901  116.789299     3.762     -191.5      556.6      959.8   2030.0   2030.0   2110.0 2018 10  8 22 53 10.02  1.22   1
      403 -34.400200  116.790199     3.099     -108.7      856.2      296.8   2020.0   2020.0   2280.0 2018 10  9 16 56  9.18  1.16   1
      406 -34.417301  116.792297     2.741       84.2    -1040.8      -61.2   2980.0   2980.0   2710.0 2018 10  9 21 58 45.24  0.87   1
      417 -34.410301  116.807800     2.850     1509.5     -264.3       47.8   3110.0   3110.0   2390.0 2018 10 11 16 11 53.25  0.91   1
      420 -34.401501  116.805496     2.747     1297.7      711.9      -55.2   1980.0   1980.0   1590.0 2018 10 12 15 45 34.13  1.89   1
      421 -34.400501  116.788200     2.553     -292.5      822.8     -249.2   2450.0   2450.0   2370.0 2018 10 12 15 51 28.08  0.36   1
      429 -34.402500  116.794899     2.536      323.4      601.0     -266.2   2080.0   2080.0   2110.0 2018 10 12 17 12  2.50  1.17   1
      441 -34.401699  116.795601     2.738      387.9      689.9      -64.2   2670.0   2670.0   2350.0 2018 10 12 23 12 38.90  0.83   1
      451 -34.400200  116.793999     2.392      240.6      856.2     -410.2   2460.0   2460.0   2320.0 2018 10 13  8 23 50.07  1.61   1
      455 -34.402199  116.802299     2.980     1003.8      634.5      177.8   3250.0   3250.0   2450.0 2018 10 13 10 40 41.73  0.55   1
      459 -34.410599  116.792702     2.526      121.3     -297.3     -276.2   2610.0   2610.0   2760.0 2018 10 13 14  5 26.93  0.30   1
      460 -34.408298  116.786903     4.056     -411.8      -42.2     1253.8   2430.0   2430.0   2380.0 2018 10 13 14 13 50.21  0.18   1
      463 -34.406200  116.796303     2.964      452.4      190.6      161.8   3040.0   3040.0   2790.0 2018 10 13 15  1 59.16  0.07   1
      469 -34.404301  116.792603     2.559      112.2      401.3     -243.2   2280.0   2280.0   2040.0 2018 10 13 17 28  5.72  1.46   1
      483 -34.418701  116.788597     3.632     -256.0    -1196.1      829.8   2580.0   2580.0   2500.0 2018 10 14 11 49 59.92  0.40   1
      484 -34.402599  116.791199     2.601      -16.8      590.0     -201.2   2780.0   2780.0   2800.0 2018 10 14 11 52 14.32  0.39   1
      486 -34.401402  116.799797     3.148      773.7      722.9      345.8   2940.0   2940.0   2550.0 2018 10 14 12 16 49.07  0.24   1
      487 -34.410500  116.778198     2.827    -1212.1     -286.3       24.8   2150.0   2150.0   2280.0 2018 10 14 12 21 12.77  0.59   1
      504 -34.417400  116.790001     3.361     -127.0    -1051.8      558.8   2500.0   2500.0   2730.0 2018 10 14 20 45 50.50  0.44   1
      506 -34.410801  116.788101     3.456     -301.6     -319.8      653.8   2380.0   2380.0   2600.0 2018 10 15  3 29  3.80  0.74   1
      508 -34.401402  116.802696     2.953     1040.3      722.9      150.8   2540.0   2540.0   2200.0 2018 10 15  4 17 47.21  1.04   1
      509 -34.410702  116.810303     3.264     1739.6     -308.8      461.8   2390.0   2390.0   2210.0 2018 10 15  5 19 11.07  1.50   1
      511 -34.406601  116.795403     1.555      369.7      146.1    -1247.2   1820.0   1820.0   1680.0 2018 10 15  8 50 12.09  1.26   1
      522 -34.401299  116.797897     2.560      599.1      734.3     -242.2   2710.0   2710.0   2300.0 2018 10 15 20 42 42.60  1.00   1
      529 -34.412701  116.791901     2.656       47.7     -530.5     -146.2   2720.0   2720.0   2790.0 2018 10 16  8 15 59.91  1.15   1
      530 -34.400799  116.810204     3.289     1730.6      789.8      486.8   3130.0   3130.0   2990.0 2018 10 16  9 29 37.72  1.30   1
      537 -34.419102  116.794502     2.809      286.9    -1240.6        6.8   2020.0   2020.0   2150.0 2018 10 16 17 28 15.74  1.29   1
      541 -34.417500  116.792099     2.779       65.9    -1062.8      -23.2   2970.0   2970.0   2360.0 2018 10 16 18  5 31.24  0.68   1
      542 -34.401199  116.794998     2.685      332.5      745.3     -117.2   2190.0   2190.0   2420.0 2018 10 16 18 33 57.26  0.35   1
      554 -34.416698  116.796700     3.639      488.9     -974.0      836.8   2100.0   2100.0   2430.0 2018 10 16 22  1 54.98  0.37   1
      557 -34.418800  116.792801     2.860      130.5    -1207.1       57.8   2990.0   2990.0   2600.0 2018 10 17  0  6 10.40  0.51   1
      560 -34.403198  116.787399     2.714     -366.2      523.6      -88.2   2430.0   2430.0   2370.0 2018 10 17  3 10 22.44  1.44   1
      572 -34.418400  116.792297     3.274       84.2    -1162.7      471.8   2020.0   2020.0   2120.0 2018 10 18  8 40 57.34  1.15   1
      573 -34.418800  116.798203     3.163      627.1    -1207.1      360.8   2050.0   2050.0   2120.0 2018 10 18  9 20 57.63  0.85   1
      578 -34.412201  116.805000     2.774     1252.1     -475.1      -28.2   2280.0   2280.0   2440.0 2018 10 18 18 55 54.52  0.57   1
      579 -34.402699  116.783897     1.904     -688.1      579.0     -898.2   1990.0   1990.0   1750.0 2018 10 18 19 19 30.00  1.41   1
      585 -34.409599  116.785896     2.579     -504.3     -186.5     -223.2   2540.0   2540.0   2630.0 2018 10 18 22 16 33.14  0.40   1
      590 -34.404499  116.803703     3.221     1132.9      379.3      418.8   2950.0   2950.0   2540.0 2018 10 18 23 34 52.60  0.23   1
      593 -34.401501  116.803596     2.919     1123.1      711.9      116.8   3110.0   3110.0   2320.0 2018 10 19  2  5 47.89  1.60   1
      594 -34.402599  116.795601     2.819      387.9      590.0       16.8   2630.0   2630.0   2350.0 2018 10 19  2 14 41.48  1.14   1
      597 -34.403599  116.805099     3.838     1261.2      479.2     1035.8   3040.0   3040.0   2330.0 2018 10 19  2 41 36.77  0.98   1
      601 -34.414101  116.783096     3.063     -761.8     -685.8      260.8   2610.0   2610.0   2500.0 2018 10 19 12 13 57.38  0.42   1
      605 -34.404800  116.803299     2.768     1095.7      345.9      -34.2   2900.0   2900.0   2340.0 2018 10 19 13 46 59.10  0.74   1
      614 -34.408699  116.802399     3.666     1012.9      -86.6      863.8   2980.0   2980.0   2590.0 2018 10 20 16  5 43.50  0.79   1
      615 -34.400002  116.807800     2.897     1509.6      878.2       94.8   3330.0   3330.0   2540.0 2018 10 20 17 10 12.68  0.66   1
      617 -34.417000  116.775101     2.846    -1496.8    -1007.4       43.8   2520.0   2520.0   2390.0 2018 10 20 20 38 49.28  1.12   1
      620 -34.413200  116.789398     2.418     -182.4     -585.9     -384.2   2380.0   2380.0   2380.0 2018 10 22  0 20 55.35  1.03   1
      623 -34.404301  116.796501     2.624      470.7      401.3     -178.2   2730.0   2730.0   2560.0 2018 10 22  6 55 33.10  1.51   1
      625 -34.402802  116.800400     2.851      829.1      567.6       48.8   2910.0   2910.0   2500.0 2018 10 22  7  8  7.08  1.59   1
      628 -34.419701  116.791000     1.895      -35.1    -1307.0     -907.2   2580.0   2580.0   2640.0 2018 10 22 20 18 10.64  0.56   1
      632 -34.402000  116.784599     2.708     -623.6      656.5      -94.2   2580.0   2580.0   2370.0 2018 10 23  6 18 38.73  1.65   1
      637 -34.406502  116.791496     3.261       10.5      157.1      458.8   2560.0   2560.0   2510.0 2018 10 23 10 20 15.15  1.23   1
      638 -34.417198  116.791100     3.149      -26.0    -1029.4      346.8   2410.0   2410.0   2380.0 2018 10 23 11 56 50.37  0.59   1
      640 -34.405300  116.779800     3.165    -1064.8      290.4      362.8   2640.0   2640.0   2380.0 2018 10 23 12 29 18.26  1.24   1
      642 -34.417301  116.794502     2.922      286.9    -1040.8      119.8   2430.0   2430.0   2380.0 2018 10 23 16 13 48.61  0.78   1
      643 -34.401600  116.794601     2.717      296.0      700.9      -85.2   2590.0   2590.0   2360.0 2018 10 23 16 15  1.90  0.84   1
      644 -34.400902  116.792900     2.706      139.6      778.3      -96.2   2480.0   2480.0   2360.0 2018 10 23 19 54 37.20  0.52   1
      645 -34.404499  116.786797     3.205     -421.6      379.3      402.8   2440.0   2440.0   2370.0 2018 10 23 20 25 37.98  0.85   1
      655 -34.403801  116.780197     4.040    -1028.4      456.7     1237.8   2710.0   2710.0   2370.0 2018 10 24 23 35 36.52  1.50   1
      657 -34.401901  116.786400     2.682     -458.1      667.5     -120.2   2500.0   2500.0   2540.0 2018 10 25 11 54 13.71  0.66   1
      658 -34.402302  116.811203     2.739     1822.4      623.0      -63.2   3140.0   3140.0   2310.0 2018 10 25 14 57 31.19  0.49   1
      660 -34.413700  116.775299     2.189    -1478.6     -641.4     -613.2   2540.0   2540.0   2390.0 2018 10 25 21 48 55.78  0.71   1
      665 -34.403599  116.787201     2.477     -384.4      479.2     -325.2   2420.0   2420.0   2370.0 2018 10 26 17 17 11.88  0.99   1
      666 -34.409000  116.791298     2.752       -7.7     -120.0      -50.2   2400.0   2400.0   2370.0 2018 10 26 20 45 47.10  1.07   1
      671 -34.408298  116.783997     4.373     -679.0      -42.2     1570.8   2480.0   2480.0   2380.0 2018 10 27 15 24  2.98  0.68   1
      674 -34.409000  116.797096     2.566      525.4     -120.0     -236.2   2520.0   2520.0   2360.0 2018 10 28  5 36 17.64  1.92   1
      679 -34.414101  116.787498     3.673     -357.0     -685.8      870.8   2420.0   2420.0   2560.0 2018 10 28 19 15 27.48  0.15   1
      687 -34.404499  116.798897     2.769      690.9      379.3      -33.2   2730.0   2730.0   2350.0 2018 10 29 10 34  9.67  1.72   1
      692 -34.411701  116.796402     2.401      461.5     -419.6     -401.2   2130.0   2130.0   1760.0 2018 10 30 22 10 27.04  1.56   1
      693 -34.417801  116.792503     1.423      103.1    -1096.3    -1379.2   2080.0   2080.0   1750.0 2018 10 30 23 26  7.64  2.04   1
      703 -34.416599  116.792397     2.105       93.3     -963.0     -697.2   2600.0   2600.0   2630.0 2018 11  1 12 33 21.82  0.31   1
      706 -34.403500  116.791298     2.518       -7.7      490.2     -284.2   2400.0   2400.0   2370.0 2018 11  2  4 17  0.66  1.37   1
      707 -34.410099  116.803902     3.695     1151.1     -241.9      892.8   2970.0   2970.0   2590.0 2018 11  2 12 20 27.54  0.69   1
      708 -34.400902  116.793503     2.900      195.0      778.3       97.8   2530.0   2530.0   2360.0 2018 11  2 13 23 25.01  0.80   1
      709 -34.412498  116.799400     2.246      737.2     -508.1     -556.2   2530.0   2530.0   2370.0 2018 11  2 16 33 41.80  0.71   1
      717 -34.418800  116.794998     3.029      332.5    -1207.1      226.8   2430.0   2430.0   2380.0 2018 11  4 16 42 17.64  1.60   1
      719 -34.401600  116.803299     2.917     1095.7      700.9      114.8   3100.0   3100.0   2320.0 2018 11  4 20 40 50.36  1.72   1
      779 -34.418800  116.790497     2.419      -81.4    -1207.1     -383.2   2590.0   2590.0   2630.0 2018 11  9  3  9 46.85  1.18   1
      799 -34.417198  116.780098     1.871    -1037.4    -1029.4     -931.2   2610.0   2610.0   2510.0 2018 11  9  9 31 19.14  0.56   1
      801 -34.416199  116.773300     2.359    -1662.4     -918.5     -443.2   2540.0   2540.0   2390.0 2018 11  9 12  6  5.89  1.09   1
      820 -34.406101  116.797302     2.681      544.3      201.6     -121.2   2610.0   2610.0   2650.0 2018 11 10 22 26  6.06  1.46   1
      824 -34.401501  116.809097     2.641     1628.8      711.9     -161.2   3160.0   3160.0   2310.0 2018 11 11 15 30 39.56  0.75   1
      826 -34.404800  116.773300     2.724    -1662.5      345.9      -78.2   2350.0   2350.0   2280.0 2018 11 11 22 40 33.58  1.34   1
      828 -34.412800  116.783203     3.758     -751.9     -541.5      955.8   2370.0   2370.0   2640.0 2018 11 12  8 13 59.90  1.27   1
      835 -34.402500  116.780502     3.024    -1000.3      601.0      221.8   2440.0   2440.0   2450.0 2018 11 12 18 30 16.76  0.42   1
      838 -34.407600  116.797699     2.903      580.8       35.3      100.8   2090.0   2090.0   2110.0 2018 11 13 12  8  6.25  1.38   1
      843 -34.408100  116.775299     2.295    -1478.7      -20.2     -507.2   2760.0   2760.0   2640.0 2018 11 14 15 42 14.69  0.41   1
      845 -34.406601  116.803596     2.987     1123.0      146.1      184.8   2830.0   2830.0   2340.0 2018 11 14 17 44  7.18  1.33   1
      857 -34.402302  116.787498     2.965     -357.1      623.0      162.8   2070.0   2070.0   2110.0 2018 11 17 22 50 26.54  0.70   1
      859 -34.417301  116.773102     2.280    -1680.6    -1040.8     -522.2   2670.0   2670.0   2660.0 2018 11 18  5  2 52.63  1.41   1
      862 -34.415298  116.768997     2.692    -2058.0     -818.7     -110.2   3000.0   3000.0   2560.0 2018 11 18 10 50 16.09  1.44   1
      864 -34.408901  116.768501     2.808    -2103.7     -109.0        5.8   2290.0   2290.0   2160.0 2018 11 18 14 42 59.64  1.11   1
      865 -34.419998  116.792198     2.933       75.1    -1340.0      130.8   2070.0   2070.0   2430.0 2018 11 18 20 34 32.16  0.17   1
      876 -34.413200  116.781197     2.882     -936.4     -585.9       79.8   2410.0   2410.0   2290.0 2018 11 21  5 16 39.39  0.94   1
      886 -34.411201  116.800499     3.710      838.2     -364.2      907.8   2860.0   2860.0   2600.0 2018 11 21 11 31 15.13  0.73   1
       25 -34.428200  116.795502     2.466     1491.0      439.5     -165.6   2020.0   2020.0   2300.0 2018  9 20 16 33 24.69  0.81   1
       30 -34.437000  116.787102     2.456      718.9     -536.8     -175.6   2400.0   2400.0   2650.0 2018  9 21  9 44 22.36  0.60   1
       31 -34.431000  116.793602     2.556     1316.4      128.9      -75.6   3070.0   3070.0   3180.0 2018  9 21  9 54  6.27  1.11   1
       55 -34.430698  116.790298     3.122     1012.7      162.3      490.4   2030.0   2030.0   2280.0 2018  9 22 14 48 27.47  0.58   1
       73 -34.421799  116.791298     2.710     1104.6     1149.5       78.4   2550.0   2550.0   2540.0 2018  9 23 16 46 46.52  0.66   1
      166 -34.424500  116.800797     2.871     1977.7      849.9      239.4   2160.0   2160.0   2420.0 2018 10  1  3 36 23.28  0.56   1
      174 -34.422199  116.770500     2.457     -807.1     1105.1     -174.6   3520.0   3520.0   2730.0 2018 10  1 10 28 59.49  0.56   1
      315 -34.432999  116.778603     2.714      -62.3      -92.9       82.4   2050.0   2050.0   2300.0 2018 10  5  9 56 22.86  0.68   1
      319 -34.428501  116.784698     2.745      498.0      406.0      113.4   2020.0   2020.0   2300.0 2018 10  5 14 10 23.64  0.54   1
      360 -34.428699  116.795799     2.726     1518.3      384.0       94.4   2030.0   2030.0   2300.0 2018 10  5 20 32 58.84  0.65   1
      368 -34.429798  116.768501     2.190     -990.8      262.2     -441.6   2090.0   2090.0   2290.0 2018 10  6  4 53 58.36  0.33   1
      380 -34.424099  116.769302     2.508     -917.2      894.4     -123.6   2100.0   2100.0   2110.0 2018 10  7  9 50  4.70  1.26   1
      383 -34.426701  116.798203     2.765     1739.3      605.8      133.4   2030.0   2030.0   2120.0 2018 10  7 18 45 23.86  1.05   1
      397 -34.427200  116.798203     2.850     1739.3      550.3      218.4   2040.0   2040.0   2300.0 2018 10  9  3 21 31.57  0.82   1
      405 -34.428902  116.778198     2.852      -99.5      361.6      220.4   3230.0   3230.0   2600.0 2018 10  9 19 59 15.38  0.44   1
      410 -34.431801  116.776703     2.474     -236.9       40.0     -157.6   2360.0   2360.0   2490.0 2018 10 11  2 50  7.12  0.29   1
      446 -34.439800  116.771797     2.118     -687.8     -847.4     -513.6   1890.0   1890.0   1650.0 2018 10 13  3 21 14.08  1.76   1
      453 -34.431099  116.802803     2.150     2162.1      117.9     -481.6   2550.0   2550.0   2710.0 2018 10 13  8 35 49.53  0.64   1
      474 -34.431702  116.783798     2.622      415.2       51.0       -9.6   2230.0   2230.0   2550.0 2018 10 14  1 32  9.04  0.88   1
      507 -34.431801  116.773499     2.737     -531.5       40.0      105.4   2070.0   2070.0   2120.0 2018 10 15  3 49 57.22  0.94   1
      513 -34.426800  116.794899     2.691     1435.6      594.8       59.4   2080.0   2080.0   2420.0 2018 10 15 11 28 51.17  0.81   1
      538 -34.422600  116.794601     2.932     1408.3     1060.7      300.4   2020.0   2020.0   2300.0 2018 10 16 17 33 47.54  0.71   1
      539 -34.427799  116.800301     3.505     1932.1      483.9      873.4   2060.0   2060.0   2300.0 2018 10 16 17 37 15.10  0.75   1
      543 -34.422798  116.791000     2.754     1077.3     1038.7      122.4   2840.0   2840.0   2820.0 2018 10 16 18 38 35.32  0.16   1
      550 -34.429298  116.767601     2.512    -1073.5      317.6     -119.6   2100.0   2100.0   2270.0 2018 10 16 20 31 29.50  0.15   1
      551 -34.423698  116.775101     2.821     -384.2      938.8      189.4   2310.0   2310.0   2680.0 2018 10 16 20 45 50.46  0.24   1
      553 -34.420601  116.794701     2.966     1417.4     1282.4      334.4   2210.0   2210.0   2340.0 2018 10 16 21 34 14.64  0.43   1
      555 -34.421101  116.794197     2.965     1371.1     1227.0      333.4   2020.0   2020.0   2120.0 2018 10 16 23 41  7.14  1.16   1
      562 -34.424999  116.771896     2.788     -678.7      794.5      156.4   2090.0   2090.0   2290.0 2018 10 17  8 50 30.38  0.52   1
      581 -34.427502  116.794197     2.599     1371.1      516.9      -32.6   2130.0   2130.0   2440.0 2018 10 18 19 22 31.76  0.17   1
      607 -34.430199  116.773499     2.456     -531.5      217.7     -175.6   2530.0   2530.0   2720.0 2018 10 19 17 42 43.04  0.87   1
      608 -34.455700  116.776299     2.622     -274.1    -2611.1       -9.6   1950.0   1950.0   1310.0 2018 10 19 19 32 51.22  2.17   1
      627 -34.435501  116.773003     2.486     -577.0     -370.5     -145.6   2660.0   2660.0   2690.0 2018 10 22 19 55 48.00  1.05   1
      641 -34.423599  116.795097     2.261     1453.9      949.8     -370.6   2400.0   2400.0   2390.0 2018 10 23 12 38  3.11  1.23   1
      647 -34.426300  116.793999     2.000     1352.9      650.2     -631.6   4410.0   4410.0      0.0 2018 10 23 22 33 13.28  0.88   1
      651 -34.429298  116.769096     2.645     -936.1      317.6       13.4   2680.0   2680.0   2680.0 2018 10 24  9 38 18.79  0.95   1
      661 -34.427898  116.785599     2.961      580.7      472.9      329.4   2400.0   2400.0   2400.0 2018 10 25 22 58 44.62  0.66   1
      663 -34.426102  116.787003     2.390      709.8      672.2     -241.6   2390.0   2390.0   2400.0 2018 10 26 10 31  5.55  1.13   1
      664 -34.434700  116.774803     2.125     -411.5     -281.6     -506.6   2150.0   2150.0   1750.0 2018 10 26 11 11 37.02  1.49   1
      675 -34.430599  116.785797     1.882      599.0      173.3     -749.6   2100.0   2100.0   1740.0 2018 10 28 17 45 49.60  1.53   1
      681 -34.429501  116.786499     2.788      663.5      295.2      156.4   2550.0   2550.0   2570.0 2018 10 28 20 58 46.26  0.64   1
      683 -34.436798  116.770302     2.418     -825.3     -514.3     -213.6   2180.0   2180.0   1750.0 2018 10 29  1 17  4.54  2.16   1
      691 -34.424301  116.800598     2.691     1959.5      871.9       59.4   5580.0   5580.0   3140.0 2018 10 30 22  9 38.80  1.14   1
      722 -34.429001  116.791397     2.309     1113.7      350.6     -322.6   2390.0   2390.0   2390.0 2018 11  5  1 30 54.33  1.30   1
      726 -34.424999  116.773903     2.343     -494.3      794.5     -288.6   6130.0   6130.0   3160.0 2018 11  5 19 15  3.92  0.56   1
      727 -34.432301  116.778000     2.683     -117.7      -15.4       51.4   2100.0   2100.0   1590.0 2018 11  6 11  0  9.73  2.38   1
      732 -34.439499  116.768898     2.367     -954.3     -813.9     -264.6   4780.0   4780.0   3760.0 2018 11  8 11  1 24.10  2.26   1
      733 -34.438202  116.768402     2.570     -999.9     -670.1      -61.6   2480.0   2480.0   2420.0 2018 11  8 11  6 13.27  0.87   1
      734 -34.431599  116.774300     2.673     -457.8       62.4       41.4   2350.0   2350.0   1910.0 2018 11  8 12 18 13.51  1.80   1
      735 -34.441601  116.766403     1.516    -1183.6    -1047.1    -1115.6   2370.0   2370.0   1920.0 2018 11  8 12 47 35.03  1.51   1
      736 -34.420200  116.796402     2.660     1573.8     1326.8       28.4   2430.0   2430.0   2380.0 2018 11  8 13 49 20.68  1.05   1
      738 -34.427898  116.773903     3.033     -494.3      472.9      401.4   2120.0   2120.0   1450.0 2018 11  8 15  9 34.16  3.57   1
      740 -34.438099  116.774002     2.826     -485.2     -658.6      194.4   2450.0   2450.0   2420.0 2018 11  8 15 30 35.21  0.70   1
      741 -34.435600  116.776901     2.655     -218.7     -381.5       23.4   3070.0   3070.0   2690.0 2018 11  8 15 45  2.50  1.05   1
      742 -34.433701  116.774002     2.487     -485.2     -170.7     -144.6   3100.0   3100.0   2690.0 2018 11  8 16 30 44.20  1.20   1
      743 -34.432598  116.781403     2.781      195.0      -48.4      149.4   3070.0   3070.0   2690.0 2018 11  8 16 40  7.05  1.06   1
      744 -34.445301  116.768700     1.803     -972.5    -1457.6     -828.6   2420.0   2420.0   1770.0 2018 11  8 16 51 57.15  2.60   1
      745 -34.433300  116.782700     3.136      314.3     -126.3      504.4   3070.0   3070.0   2690.0 2018 11  8 17  5 20.22  1.00   1
      746 -34.431702  116.778000     2.862     -117.7       51.0      230.4   3100.0   3100.0   2690.0 2018 11  8 18 50 45.54  0.93   1
      748 -34.423199  116.787300     3.020      737.1      994.2      388.4   2170.0   2170.0   1460.0 2018 11  8 21  7  0.00  5.40   1
      750 -34.430698  116.765503     2.708    -1266.4      162.3       76.4   2610.0   2610.0   1990.0 2018 11  8 21 14 42.34  2.69   1
      752 -34.444401  116.757599     2.607    -1992.7    -1357.7      -24.6   2550.0   2550.0   2440.0 2018 11  8 21 23 24.16  1.69   1
      754 -34.441399  116.760696     2.573    -1708.1    -1024.7      -58.6   2700.0   2700.0   2670.0 2018 11  8 21 33  2.40  2.19   1
      756 -34.437500  116.781403     2.395      195.0     -592.2     -236.6   2410.0   2410.0   2410.0 2018 11  8 21 43 27.92  2.38   1
      758 -34.438900  116.782600     2.398      305.1     -747.5     -233.6   3900.0   3900.0   3120.0 2018 11  8 21 54 53.68  1.56   1
      762 -34.448299  116.759804     2.424    -1790.0    -1790.2     -207.6   6580.0   6580.0   3350.0 2018 11  8 22 20  3.90  0.45   1
      765 -34.420502  116.791298     1.812     1104.6     1293.4     -819.6   5240.0   5240.0   3070.0 2018 11  8 22 26 46.08  0.42   1
      767 -34.424599  116.790199     2.934     1003.6      838.9      302.4   2610.0   2610.0   2640.0 2018 11  8 22 34 30.04  0.61   1
      771 -34.441200  116.759499     2.564    -1818.2    -1002.7      -67.6   2780.0   2780.0   2720.0 2018 11  8 22 36 58.80  0.87   1
      773 -34.425999  116.771599     2.659     -706.1      683.6       27.4   2490.0   2490.0   2410.0 2018 11  8 23 15 28.90  1.45   1
      775 -34.435799  116.774200     2.810     -466.9     -403.5      178.4   2450.0   2450.0   2410.0 2018 11  8 23 45 21.12  0.97   1
      778 -34.452400  116.771103     3.225     -751.6    -2245.1      593.4   2480.0   2480.0   2430.0 2018 11  9  2 41 56.02  0.82   1
      780 -34.422298  116.791199     2.776     1095.5     1094.1      144.4   2610.0   2610.0   2640.0 2018 11  9  3 14 31.35  1.16   1
      782 -34.424400  116.789398     2.674      930.0      860.9       42.4   2610.0   2610.0   2770.0 2018 11  9  3 31 12.25  0.70   1
      785 -34.429699  116.780998     2.702      157.9      273.2       70.4   2410.0   2410.0   2400.0 2018 11  9  5 35 27.68  0.85   1
      786 -34.438801  116.758904     2.063    -1872.9     -736.5     -568.6   2770.0   2770.0   2720.0 2018 11  9  5 49 38.49  0.30   1
      787 -34.427898  116.791702     2.275     1141.8      472.9     -356.6   2610.0   2610.0   2640.0 2018 11  9  6 33 54.92  0.88   1
      792 -34.435001  116.783203     2.623      360.5     -315.0       -8.6   2420.0   2420.0   2570.0 2018 11  9  7 12  1.12  0.58   1
      793 -34.446400  116.755501     2.568    -2185.5    -1579.4      -63.6   2560.0   2560.0   2440.0 2018 11  9  7 22 53.43  0.82   1
      798 -34.429001  116.790604     2.570     1040.8      350.6      -61.6   2620.0   2620.0   2650.0 2018 11  9  9  3 48.05  1.00   1
      800 -34.424000  116.790604     2.016     1040.8      905.4     -615.6   2540.0   2540.0   2550.0 2018 11  9 11  2  6.15  1.19   1
      803 -34.443802  116.767601     3.073    -1073.4    -1291.3      441.4   2490.0   2490.0   2430.0 2018 11  9 14 26 39.76  2.07   1
      807 -34.428699  116.790298     2.680     1012.7      384.0       48.4   2620.0   2620.0   2650.0 2018 11  9 19 35 36.34  1.02   1
      808 -34.441601  116.767502     2.778    -1082.6    -1047.1      146.4   2720.0   2720.0   2710.0 2018 11  9 22 23  4.30  0.83   1
      809 -34.442699  116.761803     2.560    -1606.4    -1169.0      -71.6   2770.0   2770.0   2720.0 2018 11  9 22 48  0.88  0.94   1
      812 -34.426998  116.785698     3.301      589.9      572.8      669.4   1980.0   1980.0   1230.0 2018 11 10  4 51 12.70  3.01   1
      813 -34.425701  116.799896     2.934     1894.9      716.6      302.4   2820.0   2820.0   2780.0 2018 11 10  6 28 44.84  1.39   1
      814 -34.437698  116.783600     2.561      397.0     -614.2      -70.6   2400.0   2400.0   2410.0 2018 11 10  6 59  9.45  1.69   1
      815 -34.437199  116.783600     1.559      397.0     -558.8    -1072.6   2110.0   2110.0   1740.0 2018 11 10  7  4 46.62  1.67   1
      816 -34.443802  116.749802     2.666    -2709.4    -1291.3       34.4   2610.0   2610.0   2440.0 2018 11 10  9 48  0.04  1.16   1
      817 -34.435799  116.783600     1.660      397.0     -403.5     -971.6   2100.0   2100.0   1340.0 2018 11 10 10 28 48.51  2.46   1
      818 -34.425301  116.805702     2.444     2428.6      761.1     -187.6   2490.0   2490.0   2370.0 2018 11 10 12 57 51.55  0.94   1
      821 -34.428799  116.774101     2.881     -476.1      373.0      249.4   2540.0   2540.0   2720.0 2018 11 10 23 28  7.12  0.84   1
      822 -34.442200  116.769302     2.848     -917.1    -1113.5      216.4   2080.0   2080.0   2130.0 2018 11 11 11 30  3.92  1.36   1
      823 -34.428501  116.790100     2.792      994.5      406.0      160.4   2020.0   2020.0   2120.0 2018 11 11 15  9 27.20  1.00   1
      829 -34.420300  116.793999     2.813     1352.9     1315.8      181.4   2020.0   2020.0   2120.0 2018 11 12  8 40 50.86  1.69   1
      831 -34.423302  116.774498     2.939     -439.6      982.8      307.4   2080.0   2080.0   2120.0 2018 11 12 11 51 23.85  0.41   1
      832 -34.436798  116.759300     2.868    -1836.4     -514.3      236.4   2360.0   2360.0   2490.0 2018 11 12 12 56 40.15  0.30   1
      837 -34.439602  116.766403     2.647    -1183.6     -825.4       15.4   2090.0   2090.0   2300.0 2018 11 13  5 31 39.52  0.44   1
      839 -34.420700  116.796204     3.211     1555.6     1271.4      579.4   2440.0   2440.0   2380.0 2018 11 13 14 36 53.86  1.56   1
      841 -34.428501  116.789398     2.533      930.0      406.0      -98.6   2390.0   2390.0   2400.0 2018 11 14 12 25 22.65  1.13   1
      847 -34.438702  116.765503     2.886    -1266.3     -725.5      254.4   2100.0   2100.0   2120.0 2018 11 15 12 45 53.03  1.42   1
      848 -34.437801  116.765701     2.930    -1248.1     -625.6      298.4   2100.0   2100.0   2120.0 2018 11 15 12 45 53.03  1.42   1
      851 -34.446098  116.751198     2.711    -2581.0    -1546.0       79.4   2270.0   2270.0   2740.0 2018 11 16  8 19 13.94  0.94   1
      852 -34.431801  116.792297     2.770     1196.4       40.0      138.4   2030.0   2030.0   2300.0 2018 11 16 23 12 56.84  0.34   1
      853 -34.442402  116.747704     2.711    -2902.2    -1136.0       79.4   2280.0   2280.0   2460.0 2018 11 17  1 12 51.14  0.32   1
      855 -34.435902  116.764000     2.891    -1404.5     -414.9      259.4   2110.0   2110.0   2300.0 2018 11 17  3 34  7.50  1.12   1
      856 -34.434898  116.789200     2.574      911.7     -303.6      -57.6   2540.0   2540.0   1950.0 2018 11 17 21  0  4.72  1.97   1
      858 -34.427799  116.793198     2.767     1279.2      483.9      135.4   2020.0   2020.0   2300.0 2018 11 18  1 17 46.40  1.08   1
      861 -34.434799  116.784401     2.296      470.6     -292.6     -335.6   2390.0   2390.0   2410.0 2018 11 18  7 37  2.19  1.48   1
      863 -34.421902  116.773300     2.908     -549.7     1138.1      276.4   2090.0   2090.0   2110.0 2018 11 18 14 11 11.01  0.80   1
      866 -34.443699  116.752296     2.895    -2480.1    -1279.8      263.4   3380.0   3380.0   2590.0 2018 11 18 21 33 35.90  0.40   1
      867 -34.426201  116.788902     2.902      884.4      661.2      270.4   3110.0   3110.0   2610.0 2018 11 18 22 48 58.62  0.41   1
      870 -34.438499  116.747299     2.583    -2939.4     -703.1      -48.6   2270.0   2270.0   2230.0 2018 11 19 20 49 16.72  0.84   1
      872 -34.431000  116.796799     3.092     1610.2      128.9      460.4   2040.0   2040.0   2300.0 2018 11 20  7 23 17.84  0.57   1
      873 -34.450199  116.749199     2.931    -2764.6    -2000.9      299.4   2770.0   2770.0   2750.0 2018 11 20 19  9 36.82  1.38   1
      891 -34.439400  116.750801     2.851    -2617.6     -802.9      219.4   3310.0   3310.0   2580.0 2018 11 22 11 58 25.55  0.29   1
       20 -34.448101  116.787003     2.329       49.3      258.5     -420.2   2050.0   2050.0   2310.0 2018  9 20 14 12 35.00  0.59   1
       40 -34.447201  116.784599     2.819     -171.6      358.4       69.8   2190.0   2190.0   2450.0 2018  9 21 18 59 18.28  0.52   1
      106 -34.452900  116.788200     2.321      159.3     -273.8     -428.2   2430.0   2430.0   1940.0 2018  9 25 19 47 59.20  1.65   1
      170 -34.449902  116.788803     2.810      214.7       58.8       60.8   2060.0   2060.0   2130.0 2018 10  1  7 19 54.38  1.53   1
      203 -34.445202  116.782204     2.538     -391.7      580.1     -211.2   2050.0   2050.0   2310.0 2018 10  3  1 17 56.94  0.87   1
      411 -34.449799  116.791901     2.792      499.4       70.2       42.8   2110.0   2110.0   2440.0 2018 10 11  5  6 55.78  0.53   1
      492 -34.455101  116.786697     2.410       21.2     -518.0     -339.2   2420.0   2420.0   2430.0 2018 10 14 15 51  2.81  0.51   1
      546 -34.449299  116.786598     2.643       12.1      125.6     -106.2   2320.0   2320.0   3170.0 2018 10 16 19  5 40.40  0.15   1
      548 -34.447498  116.788002     3.343      141.1      325.4      593.8   2070.0   2070.0   2130.0 2018 10 16 20 14 11.76  0.36   1
      589 -34.450401  116.791100     3.048      425.8        3.3      298.8   2070.0   2070.0   2130.0 2018 10 18 23  8  0.00  0.61   1
      592 -34.450699  116.789497     3.198      278.5      -29.7      448.8   2420.0   2420.0   2420.0 2018 10 19  1  9 42.66  1.56   1
      596 -34.452801  116.787003     2.625       49.3     -262.8     -124.2   2840.0   2840.0   2690.0 2018 10 19  2 38 49.88  0.73   1
      599 -34.453701  116.783699     2.325     -254.3     -362.7     -424.2   3050.0   3050.0   2750.0 2018 10 19  9 20  8.71  0.72   1
      600 -34.452000  116.786201     2.609      -24.4     -174.0     -140.2   2420.0   2420.0   2420.0 2018 10 19  9 22 55.87  0.78   1
      673 -34.449402  116.776901     2.693     -879.0      114.2      -56.2   2810.0   2810.0   2700.0 2018 10 28  2 15 11.97  0.60   1
      678 -34.448799  116.790199     3.018      343.0      181.1      268.8   2420.0   2420.0   2420.0 2018 10 28 19  8 44.38  2.02   1
      682 -34.449200  116.782799     2.820     -337.0      136.6       70.8   2160.0   2160.0   1750.0 2018 10 29  1  4 27.81  2.35   1
      686 -34.448700  116.786301     2.810      -15.2      192.1       60.8   2800.0   2800.0   2680.0 2018 10 29  5 36 31.68  0.75   1
      688 -34.451500  116.792503     3.167      554.8     -118.5      417.8   2420.0   2420.0   2420.0 2018 10 29 15 55  5.63  0.65   1
      702 -34.451801  116.788803     2.823      214.7     -152.0       73.8   2420.0   2420.0   2420.0 2018 11  1  8 42 36.65  1.43   1
      712 -34.447300  116.787804     2.687      122.9      347.4      -62.2   2590.0   2590.0   2520.0 2018 11  3 13 22 15.73  0.43   1
      777 -34.455502  116.784203     2.595     -208.0     -562.4     -154.2   2430.0   2430.0   2430.0 2018 11  9  1 26 48.05  1.74   1
      784 -34.449100  116.779701     2.779     -621.7      147.6       29.8   2810.0   2810.0   2700.0 2018 11  9  5 18 40.09  1.00   1
      788 -34.453300  116.780502     2.866     -548.1     -318.3      116.8   2860.0   2860.0   2700.0 2018 11  9  6 36 26.31  0.73   1
      811 -34.454201  116.787903     2.245      132.0     -418.1     -504.2   2730.0   2730.0   2570.0 2018 11 10  3 36 11.43  0.79   1
      892 -34.447800  116.788696     3.166      204.9      291.9      416.8   2060.0   2060.0   2130.0 2018 11 22 14 38  7.19  0.58   1
